-0.0854747146368 2.45220011114 1.99533167811
-0.0867462977767 2.39299792984 2.03485339164
-0.086746275425 2.39299792984 2.03485339164
-0.0882928520441 2.33345409277 2.06840009727
-0.0890722945333 2.30452271928 2.08624311477
-0.0906360596418 2.27507373865 2.10284516373
-0.0908742696047 2.24561736692 2.11907051134
-0.0931707397103 2.21587465455 2.13549470013
-0.0931706950068 2.21587465455 2.13549470013
-0.0931706950068 2.21587465455 2.13549470013
-0.0931706950068 2.21587465455 2.13549470013
-0.0931706950068 2.21587465455 2.13549470013
-0.0931706950068 2.21587465455 2.13549470013
-0.0931706950068 2.21587465455 2.13549470013
-0.0931706950068 2.21587465455 2.13549470013
-0.0931706950068 2.21587465455 2.13549470013
-0.0931706950068 2.21587465455 2.13549470013
-0.0931706950068 2.21587465455 2.13549470013
-0.0931706950068 2.21587465455 2.13549470013
-0.0931706950068 2.21587465455 2.13549470013
-0.0931706950068 2.21587465455 2.13549470013
-0.0931706950068 2.21587465455 2.13549470013
-0.0931706950068 2.21587465455 2.13549470013
-0.0931706950068 2.21587465455 2.13549470013
-0.0931706950068 2.21587465455 2.13549470013
-0.0931706950068 2.21587465455 2.13549470013
-0.0931706950068 2.21587465455 2.13549470013
-0.0931706950068 2.21587465455 2.13549470013
-0.0931706950068 2.21587465455 2.13549470013
-0.0931706950068 2.21587465455 2.13549470013
-0.0931706950068 2.21587465455 2.13549470013
-0.0931706950068 2.21587465455 2.13549470013
-0.0931706950068 2.21587465455 2.13549470013
-0.0931706950068 2.21587465455 2.13549470013
-0.0931706950068 2.21587465455 2.13549470013
-0.110486768186 1.44196718255 2.35040808285
-0.112351089716 1.41675835175 2.35049416019
-0.114717207849 1.39082580157 2.35126044598
-0.117570608854 1.36431782787 2.35117891549
-0.115258328617 1.33935206415 2.34925560097
-0.115218542516 1.31360774486 2.34826283442
-0.116500385106 1.28934591068 2.34229522532
-0.116471931338 1.26446001595 2.3366084735
-0.116651259363 1.23993389527 2.33219273101
-0.116651281714 1.23993389527 2.33219273101
-0.118927970529 1.18969873957 2.32160839303
-0.119509898126 1.1657113255 2.31665597014
-0.12102753669 1.14024237838 2.31171427658
-0.121170893312 1.11699239162 2.30260717129
-0.120612099767 1.09303585141 2.29353964372
-0.122914910316 1.07124379492 2.28646696369
-0.122315861285 1.04548302335 2.2812003057
-0.123606398702 1.02134802587 2.26915540697
-0.126101359725 0.99752875527 2.26044741457
-0.124024242163 0.975386699345 2.25042883469
-0.126123949885 0.953007953052 2.23941700309
-0.126247569919 0.929193450276 2.22902029189
-0.128610253334 0.907274910755 2.2158982173
-0.12918241322 0.884557788311 2.20310229958
-0.128867819905 0.861755549804 2.18838234396
-0.129552483559 0.839882011985 2.17585726948
-0.1294618994 0.817475190777 2.16139718998
-0.131090685725 0.79640512296 2.14700577459
-0.133366808295 0.773319465068 2.13442777158
-0.134663432837 0.752552248032 2.11875390255
-0.134865298867 0.730931909266 2.10170602754
-0.134944751859 0.70898881184 2.08616209703
-0.136129692197 0.687544784241 2.07103396835
-0.136856123805 0.666264549267 2.05303527993
-0.13810108602 0.645964452961 2.03469636788
-0.138380974531 0.623975340324 2.01784995669
-0.140085071325 0.60401493062 1.99868981173
-0.141575783491 0.583135834963 1.98086624162
-0.140888825059 0.563510046397 1.96373241606
-0.141882434487 0.54225561913 1.9423545019
-0.143788918853 0.522183450192 1.92158515078
-0.144496649504 0.502277757845 1.90332098282
-0.145449846983 0.481313813769 1.88180597789
-0.146125689149 0.460921448726 1.86118087011
-0.147801220417 0.44126114739 1.83890268688
-0.148881316185 0.421453890875 1.81684957083
-0.150276258588 0.401640196877 1.79423784005
-0.151224702597 0.382013691247 1.77156960401
-0.153440535069 0.361878429015 1.74536573982
-0.155015453696 0.343083765525 1.72183299774
-0.154940336943 0.324179281235 1.70062137977
-0.156781852245 0.305200975407 1.67577936212
-0.158396303654 0.285633775419 1.65011372769
-0.158207848668 0.268644089286 1.62567046446
-0.160612002015 0.250313685966 1.60088769362
-0.16215851903 0.23028340212 1.57378201112
-0.163265436888 0.212011813315 1.54787199721
-0.163060247898 0.194453885677 1.5215195974
-0.16871252656 0.175344448636 1.49363404743
-0.168940901756 0.157783972812 1.46701366513
-0.170170530677 0.14145175443 1.43864257481
-0.172400996089 0.123252249521 1.41129239346
-0.173559844494 0.106537301838 1.38161500787
-0.175378516316 0.0902198060217 1.3539118472
-0.177910402417 0.07250556451 1.32543728366
-0.179765120149 0.0549026054552 1.29875312442
-0.180995970964 0.0391210172391 1.26650189075
-0.184686094522 0.0214861909466 1.23643790973
-0.185680061579 0.006950538304 1.20599698793
-0.187179133296 -0.00891806802441 1.1752086907
-0.190881639719 -0.0247652573838 1.14383722161
-0.192995354533 -0.0397235209792 1.11181391584
-0.194945916533 -0.0552486412304 1.08064665216
-0.196197316051 -0.0708640439018 1.04944970539
-0.199047297239 -0.0852890789914 1.01670911715
-0.200661092997 -0.100432118742 0.985009583869
-0.202985525131 -0.114896776065 0.952130712864
-0.205583184958 -0.129193005745 0.918694419165
-0.207295686007 -0.143674024484 0.885992097123
-0.208744481206 -0.157734711308 0.853171400119
-0.211121663451 -0.170933247116 0.819220479559
-0.213307484984 -0.184867021037 0.785522342537
-0.215472891927 -0.199096031806 0.751388018822
-0.217089906335 -0.211313981915 0.717088828002
-0.218812018633 -0.224578962179 0.682595564801
-0.221100375056 -0.237269368689 0.647730189614
-0.222888097167 -0.24961178845 0.612658165011
-0.224615305662 -0.261899908533 0.577117230649
-0.227124154568 -0.274171592487 0.542027801466
-0.228796422482 -0.286699189043 0.506756339782
-0.230688542128 -0.298097188424 0.470720924996
-0.233241319656 -0.307831652551 0.432908248171
-0.23435087502 -0.319560934665 0.396514132742
-0.236885324121 -0.3300563111 0.360498387194
-0.238330170512 -0.344070893814 0.327422612097
-0.240589529276 -0.351363385932 0.288130606796
-0.242545649409 -0.362204705892 0.25772514855
-0.243884041905 -0.373764130668 0.263871523693
-0.244664236903 -0.380133000132 0.282351826677
-0.246853664517 -0.391359795569 0.305691936357
-0.248598724604 -0.399242026595 0.325301479633
-0.249675229192 -0.409363990909 0.34688965943
-0.250699609518 -0.417476951277 0.367227362925
-0.251957267523 -0.427319519592 0.386448463373
-0.253320813179 -0.436066763516 0.40455746
-0.255576908588 -0.444945853343 0.42135354516
-0.256977498531 -0.453581815787 0.438262342623
-0.258479803801 -0.462766558265 0.454960288835
-0.259960979223 -0.471798057415 0.471002762719
-0.261641532183 -0.479982396263 0.485471018052
